0 0.175 0.08828125 0.03515625 0.06015625
0 0.19375 0.15078125 0.028125 0.0578125
0 0.2421875 0.17578125 0.02734375 0.05859375
0 0.46328125 0.27265625 0.03515625 0.09375
0 0.55546875 0.221875 0.025 0.06171875
0 0.59609375 0.2765625 0.0265625 0.065625
0 0.62421875 0.31484375 0.0234375 0.06640625
0 0.63984375 0.3609375 0.0234375 0.08046875
0 0.66875 0.4125 0.02578125 0.0765625
0 0.69765625 0.45078125 0.0359375 0.06015625
0 0.7296875 0.496875 0.0328125 0.0640625
0 0.75546875 0.54921875 0.03125 0.0625
0 0.79921875 0.6171875 0.0296875 0.05625
0 0.8421875 0.6484375 0.02890625 0.06953125
0 0.94921875 0.71875 0.02734375 0.04765625
0 0.53671875 0.325 0.03125 0.05703125
0 0.54765625 0.41015625 0.02890625 0.04609375
0 0.584375 0.48515625 0.0328125 0.05859375
0 0.590625 0.52890625 0.03046875 0.05703125
0 0.6359375 0.553125 0.03046875 0.053125
0 0.63671875 0.59609375 0.025 0.05
0 0.6578125 0.65 0.03828125 0.0375
0 0.671875 0.69765625 0.02265625 0.05859375
0 0.67265625 0.75546875 0.01796875 0.05
0 0.7125 0.7453125 0.02421875 0.0484375
0 0.74921875 0.76328125 0.02109375 0.05546875
0 0.82578125 0.7734375 0.02109375 0.05546875
0 0.8359375 0.8234375 0.0328125 0.05078125
0 0.2625 0.4046875 0.02421875 0.053125
0 0.2859375 0.46171875 0.03359375 0.04609375
0 0.3375 0.6203125 0.02578125 0.05
0 0.315625 0.675 0.02421875 0.065625
0 0.47578125 0.58046875 0.021875 0.0671875
0 0.44609375 0.63125 0.0296875 0.04609375
0 0.58203125 0.72421875 0.02265625 0.03671875
0 0.58515625 0.78984375 0.0265625 0.0484375
0 0.63125 0.80078125 0.0171875 0.0375
0 0.4390625 0.86796875 0.01953125 0.0390625
0 0.47734375 0.871875 0.01796875 0.03515625
0 0.45625 0.9265625 0.01875 0.0296875
0 0.48515625 0.903125 0.015625 0.02734375
0 0.49375 0.93125 0.0203125 0.03046875
0 0.53046875 0.94140625 0.01796875 0.0328125
0 0.54921875 0.9296875 0.02109375 0.034375
0 0.5765625 0.97109375 0.015625 0.034375
0 0.58203125 0.725 0.01953125 0.040625
0 0.6015625 0.865625 0.0171875 0.03984375
0 0.628125 0.8984375 0.01640625 0.03515625
0 0.65078125 0.9234375 0.0171875 0.04921875
0 0.62109375 0.97421875 0.02734375 0.040625
0 0.68515625 0.7875 0.01640625 0.03515625
0 0.7640625 0.83125 0.0203125 0.034375
0 0.76875 0.8625 0.0234375 0.02890625
0 0.7421875 0.865625 0.021875 0.03984375
0 0.85625 0.92109375 0.02109375 0.028125
0 0.86953125 0.94296875 0.021875 0.0359375
0 0.7609375 0.9484375 0.0203125 0.0390625
0 0.83515625 0.96015625 0.01875 0.0328125
0 0.9046875 0.95625 0.01484375 0.0296875
0 0.94921875 0.89765625 0.02734375 0.02578125
0 0.9546875 0.94921875 0.02421875 0.03359375
0 0.946875 0.715625 0.03046875 0.05390625