0 0.1171875 0.16328125 0.040625 0.05078125
0 0.14453125 0.121875 0.03125 0.04375
0 0.13203125 0.22734375 0.04375 0.06328125
0 0.228125 0.121875 0.04296875 0.05546875
0 0.28984375 0.1046875 0.0296875 0.03984375
0 0.24765625 0.2203125 0.03671875 0.0625
0 0.2890625 0.22265625 0.02890625 0.04609375
0 0.24140625 0.27734375 0.02890625 0.04296875
0 0.25546875 0.27421875 0.0203125 0.0375
0 0.23828125 0.31875 0.0265625 0.0328125
0 0.24296875 0.35546875 0.0296875 0.03671875
0 0.40703125 0.02890625 0.03828125 0.053125
0 0.465625 0.0421875 0.03671875 0.05390625
0 0.4671875 0.115625 0.0359375 0.07109375
0 0.51484375 0.053125 0.034375 0.0546875
0 0.55234375 0.05703125 0.0328125 0.06328125
0 0.54765625 0.16796875 0.03515625 0.0515625
0 0.4984375 0.22421875 0.0265625 0.046875
0 0.53046875 0.2296875 0.03359375 0.078125
0 0.4796875 0.296875 0.0234375 0.0640625
0 0.503125 0.28359375 0.01796875 0.06015625
0 0.52734375 0.2921875 0.0234375 0.040625
0 0.4734375 0.35703125 0.0265625 0.05625
0 0.4734375 0.39375 0.028125 0.03515625
0 0.353125 0.340625 0.034375 0.0421875
0 0.39453125 0.40390625 0.0265625 0.0546875
0 0.3796875 0.46640625 0.02578125 0.04609375
0 0.35 0.48671875 0.0265625 0.04609375
0 0.471875 0.4515625 0.0265625 0.02890625
0 0.459375 0.465625 0.0203125 0.025
0 0.51171875 0.50390625 0.02734375 0.0609375
0 0.49453125 0.53828125 0.0171875 0.03671875
0 0.515625 0.55234375 0.0171875 0.03828125
0 0.51328125 0.6 0.01875 0.03125
0 0.51484375 0.628125 0.01796875 0.02421875
0 0.55546875 0.64453125 0.02265625 0.04140625
0 0.52578125 0.68203125 0.0125 0.0296875
0 0.6234375 0.67578125 0.01953125 0.03515625
0 0.64609375 0.62421875 0.0203125 0.03515625
0 0.6453125 0.6625 0.0234375 0.0328125
0 0.6015625 0.70078125 0.01796875 0.02421875
0 0.596875 0.72890625 0.01796875 0.03046875
0 0.5671875 0.73203125 0.0140625 0.03125
0 0.55546875 0.7484375 0.0171875 0.03828125
0 0.68671875 0.7015625 0.0140625 0.03203125
0 0.67109375 0.72109375 0.01875 0.03046875
0 0.67578125 0.75703125 0.0140625 0.03671875
0 0.68984375 0.7671875 0.01328125 0.02890625
0 0.675 0.81015625 0.0140625 0.034375
0 0.69375 0.80390625 0.01484375 0.02421875
0 0.69765625 0.82890625 0.0125 0.0203125
0 0.72734375 0.790625 0.02109375 0.0421875
0 0.7671875 0.78203125 0.02265625 0.04375
0 0.68671875 0.85390625 0.015625 0.025
0 0.6640625 0.8640625 0.01328125 0.02578125
0 0.64609375 0.86875 0.0140625 0.03046875
0 0.52578125 0.80859375 0.021875 0.03359375
0 0.5046875 0.78515625 0.01484375 0.02578125
0 0.4890625 0.80703125 0.01953125 0.02421875
0 0.4609375 0.80703125 0.01640625 0.03359375
0 0.4421875 0.82109375 0.01328125 0.025
0 0.42890625 0.86015625 0.01328125 0.03671875
0 0.475 0.91328125 0.0140625 0.0296875
0 0.4640625 0.9328125 0.0125 0.02578125
0 0.4390625 0.96484375 0.0125 0.025
0 0.453125 0.965625 0.0109375 0.02734375
0 0.46171875 0.98125 0.01015625 0.021875
0 0.6125 0.88828125 0.0140625 0.028125
0 0.6140625 0.92109375 0.01640625 0.03203125
0 0.59140625 0.88828125 0.0140625 0.02578125
0 0.578125 0.92578125 0.0125 0.02265625
0 0.55390625 0.9171875 0.015625 0.03515625
0 0.53984375 0.9265625 0.0109375 0.02421875
0 0.5234375 0.9328125 0.0109375 0.0265625
0 0.4953125 0.934375 0.01171875 0.0234375
0 0.50078125 0.9609375 0.015625 0.028125
0 0.48671875 0.96796875 0.0140625 0.02734375
0 0.47421875 0.9828125 0.009375 0.0171875
0 0.48046875 0.9765625 0.0109375 0.02578125
0 0.38671875 0.88828125 0.0171875 0.03125
0 0.384375 0.846875 0.02109375 0.0359375
0 0.346875 0.84296875 0.01640625 0.034375
0 0.33203125 0.89453125 0.01484375 0.028125
0 0.3 0.9140625 0.015625 0.0328125
0 0.31328125 0.90625 0.01015625 0.0390625
0 0.28359375 0.93046875 0.01328125 0.03125
0 0.7078125 0.91796875 0.01484375 0.03046875
0 0.7328125 0.96796875 0.01328125 0.0265625
0 0.6875 0.934375 0.01328125 0.01953125
0 0.696875 0.95625 0.01015625 0.0203125
0 0.69453125 0.9734375 0.01015625 0.01484375
0 0.68828125 0.9921875 0.0078125 0.01484375
0 0.67890625 0.98984375 0.0078125 0.01640625
0 0.66484375 0.98359375 0.01171875 0.02109375
0 0.6296875 0.990625 0.0125 0.01875
0 0.584375 0.94765625 0.01015625 0.01484375
0 0.59296875 0.965625 0.00859375 0.0140625
0 0.609375 0.990625 0.01171875 0.01875
0 0.575 0.9875 0.0078125 0.0234375
0 0.55859375 0.984375 0.0125 0.0234375
0 0.546875 0.9875 0.0109375 0.02265625
0 0.35546875 0.98828125 0.015625 0.01796875
0 0.37578125 0.98828125 0.009375 0.0203125
0 0.39296875 0.98984375 0.0140625 0.0203125
0 0.4046875 0.99296875 0.01015625 0.01328125