0 0.14375 0.42734375 0.17890625 0.26328125
0 0.40546875 0.27265625 0.17734375 0.1453125
0 0.70625 0.05 0.1625 0.1
0 0.70546875 0.14609375 0.171875 0.1
0 0.76875 0.28515625 0.175 0.1875
0 0.9546875 0.43515625 0.08984375 0.15859375
0 0.159375 0.5875 0.11640625 0.1390625
0 0.2703125 0.7109375 0.19375 0.0796875
0 0.328125 0.796875 0.11640625 0.11796875
0 0.19921875 0.80390625 0.08125 0.11796875
0 0.2625 0.8546875 0.04609375 0.0734375
0 0.03671875 0.93984375 0.0703125 0.1140625
0 0.4515625 0.71953125 0.07421875 0.07734375
0 0.565625 0.6171875 0.103125 0.078125
0 0.6796875 0.5078125 0.12265625 0.134375
0 0.84375 0.61953125 0.07578125 0.1
0 0.86796875 0.6921875 0.07421875 0.1171875
0 0.91484375 0.81640625 0.0703125 0.0859375
0 0.66171875 0.78515625 0.07578125 0.0765625
0 0.58828125 0.86796875 0.07109375 0.07265625
0 0.4703125 0.94453125 0.06796875 0.05703125
0 0.5953125 0.946875 0.0546875 0.10625
0 0.69921875 0.86875 0.05546875 0.09140625
0 0.76328125 0.8734375 0.065625 0.128125
0 0.940625 0.92734375 0.0609375 0.09453125
0 0.9828125 0.8859375 0.034375 0.09609375