0 0.8453125 0.52578125 0.0328125 0.0578125
0 0.74375 0.5515625 0.03046875 0.03984375
0 0.63515625 0.55078125 0.03828125 0.05078125
0 0.59609375 0.60234375 0.0328125 0.0328125
0 0.53515625 0.61640625 0.02734375 0.0453125
0 0.47265625 0.6203125 0.0359375 0.03984375
0 0.4296875 0.62734375 0.0234375 0.0359375
0 0.3734375 0.6 0.021875 0.03359375
0 0.39765625 0.6296875 0.02265625 0.05390625
0 0.34453125 0.6515625 0.034375 0.03671875
0 0.34921875 0.61171875 0.0140625 0.0390625
0 0.27421875 0.5921875 0.025 0.040625
0 0.2984375 0.6015625 0.025 0.0421875
0 0.31796875 0.59375 0.01875 0.03828125
0 0.3296875 0.6140625 0.0234375 0.0265625