0 0.4015625 0.1640625 0.1953125 0.2265625
0 0.3875 0.39140625 0.0765625 0.06875
0 0.390625 0.44609375 0.0703125 0.046875
0 0.48828125 0.49609375 0.08828125 0.0765625
0 0.27421875 0.41953125 0.03828125 0.0359375
0 0.21015625 0.465625 0.05859375 0.05078125
0 0.0375 0.29921875 0.06796875 0.05390625
0 0.01875 0.4421875 0.03125 0.03359375
0 0.32265625 0.4640625 0.03671875 0.03203125
0 0.41328125 0.49921875 0.040625 0.04765625
0 0.84140625 0.36171875 0.05859375 0.0390625
0 0.54296875 0.4984375 0.0390625 0.03125
0 0.2828125 0.4921875 0.0203125 0.01953125
0 0.34921875 0.50078125 0.021875 0.01875
0 0.32265625 0.4921875 0.025 0.01328125