0 0.284375 0.11953125 0.08828125 0.09921875
0 0.43515625 0.065625 0.08671875 0.0890625
0 0.59140625 0.23671875 0.10703125 0.08125
0 0.946875 0.0765625 0.06796875 0.1359375
0 0.9375 0.21171875 0.0671875 0.08828125
0 0.05234375 0.19609375 0.0921875 0.134375
0 0.26171875 0.4390625 0.10078125 0.0953125
0 0.47421875 0.5703125 0.08515625 0.1484375
0 0.58984375 0.65859375 0.06953125 0.06796875
0 0.82578125 0.509375 0.09609375 0.10859375
0 0.91953125 0.71015625 0.071875 0.08125
0 0.76875 0.6546875 0.10703125 0.059375
0 0.7390625 0.76875 0.078125 0.0640625
0 0.32109375 0.84375 0.09375 0.07265625
0 0.09609375 0.59375 0.0765625 0.13125
0 0.2109375 0.90078125 0.04609375 0.084375
0 0.66640625 0.8046875 0.0671875 0.06796875
0 0.65390625 0.91640625 0.0640625 0.0984375
0 0.7015625 0.89609375 0.06171875 0.0671875