0 0.04296875 0.45546875 0.0734375 0.04453125
0 0.1265625 0.46171875 0.0640625 0.03984375
0 0.0859375 0.48515625 0.06328125 0.03125
0 0.16796875 0.41953125 0.0734375 0.03984375
0 0.2046875 0.378125 0.0703125 0.04765625
0 0.26640625 0.33671875 0.0796875 0.0390625
0 0.32734375 0.31640625 0.0578125 0.0421875
0 0.3796875 0.265625 0.08515625 0.03828125
0 0.44375 0.20625 0.0890625 0.04609375
0 0.49921875 0.1125 0.0921875 0.05390625
0 0.596875 0.175 0.090625 0.0546875
0 0.66484375 0.246875 0.07890625 0.0578125
0 0.73984375 0.39921875 0.078125 0.04296875
0 0.8 0.44453125 0.05859375 0.04453125
0 0.85078125 0.490625 0.05859375 0.04453125
0 0.90390625 0.49375 0.05859375 0.03828125